4294967278,132
4294967278,131
4294967278,130
4294967278,126
4294967278,124
4294967278,122
4294967278,121
4294967278,120
4294967278,119
4294967278,116
4294967278,114
4294967278,113
4294967278,112
4294967278,111
4294967278,110
4294967278,109
4294967278,108
4294967278,107
4294967278,105
4294967278,104
4294967278,103
4294967278,102
4294967278,98
4294967278,96
4294967278,95
4294967278,94
4294967278,93
4294967278,91
4294967278,90
4294967278,89
4294967278,87
4294967278,85
4294967278,84
4294967278,81
4294967278,80
4294967278,79
4294967278,78
4294967278,76
4294967278,75
4294967278,74
4294967278,73
4294967278,71
4294967278,69
4294967278,67
4294967278,66
4294967278,65
4294967278,64
4294967278,62
4294967278,61
4294967278,60
4294967278,59
4294967278,58
4294967278,57
4294967278,56
4294967278,55
4294967278,54
4294967278,53
4294967278,52
4294967278,51
4294967278,50
4294967278,49
4294967278,48
4294967278,47
4294967278,46
4294967279,83
4294967279,82
4294967279,81
4294967279,80
4294967279,79
4294967279,78
4294967279,77
4294967279,75
4294967279,74
4294967279,73
4294967279,72
4294967279,70
4294967279,69
4294967279,67
4294967279,66
4294967279,65
4294967279,64
4294967279,63
4294967279,62
4294967279,61
4294967279,59
4294967279,58
4294967279,57
4294967279,56
4294967279,55
4294967279,54
4294967279,53
4294967279,52
4294967279,45
4294967279,44
4294967279,43
4294967279,42
4294967279,41
4294967279,36
4294967279,34
4294967279,33
4294967279,32
4294967279,31
4294967279,29
4294967279,22
4294967279,20
4294967279,19
4294967279,18
4294967279,17
4294967279,16
4294967279,15
4294967279,12
4294967279,10
4294967279,9
4294967279,8
4294967279,6
4294967279,5
4294967279,4
4294967279,28
4294967279,550
4294967279,27
4294967279,296
4294967279,26
4294967279,543
4294967279,133
4294967279,271
4294967279,270
4294967279,283
4294967279,279
4294967279,282
4294967279,277
4294967279,262
4294967279,261
4294967279,275
4294967279,257
4294967279,7
4294967279,295
4294967278,251
4294967279,255
4294967279,253
4294967278,258
4294967278,257
4294967278,344
4294967278,128
4294967278,125
4294967278,118
4294967278,106
4294967278,100
4294967278,97
4294967278,92
4294967278,83
4294967278,82
4294967278,72
4294967278,70
4294967278,68
4294967278,63
4294967278,391
4294967279,252
4294967279,71
4294967279,68
4294967279,300
4294967279,51
4294967279,539
4294967279,49
4294967279,345
4294967279,47
4294967279,174
4294967279,40
4294967279,39
4294967279,38
4294967279,37
4294967279,269
4294967279,35
4294967279,30
4294967279,381
4294967279,25
4294967279,24
4294967279,23
4294967279,21
4294967279,14
4294967279,320
4294967279,13
4294967279,216
4294967279,11
4294967278,129
4294967278,415
4294967278,127
4294967278,352
4294967279,554
4294967278,254
4294967279,561
4294967278,123
4294967278,310
4294967278,253
4294967278,250
4294967278,248
4294967279,377
4294967278,117
4294967278,375
4294967279,354
4294967278,115
4294967278,351
4294967278,281
4294967279,302
4294967278,234
4294967278,232
4294967278,230
4294967279,556
4294967278,330
4294967278,218
4294967279,223
629,6
4294967278,222
629,5
629,4
4294967278,220
629,3
629,2
629,1
4294967278,405
4294967279,341
4294967279,214
4294967278,101
4294967278,407
4294967278,99
4294967278,333
4294967279,211
4294967278,210
4294967278,209
4294967278,206
4294967278,208
4294967278,207
4294967278,205
4294967278,204
4294967278,203
4294967294,114
4294967294,423
4294967294,916
4294967294,914
4294967278,202
4294967278,403
4294967278,86
4294967278,198
4294967279,276
4294967278,404
4294967278,195
4294967279,195
4294967279,192
4294967278,194
626,6
626,5
4294967278,193
626,4
626,3
626,2
626,1
4294967278,192
4294967279,313
4294967278,77
4294967278,235
4294967278,189
4294967279,340
4294967279,76
4294967279,188
4294967278,187
4294967279,338
4294967278,186
4294967279,186
4294967279,185
4294967278,180
4294967278,179
4294967279,179
4294967278,178
4294967294,387
4294967279,177
623,4
623,3
623,2
623,1
4294967278,173
4294967279,60
4294967279,307
4294967279,303
4294967278,169
4294967278,322
4294967279,166
4294967279,163
622,6
622,5
622,4
622,3
622,2
622,1
4294967279,50
4294967279,244
4294967279,319
4294967278,160
4294967279,48
4294967294,37
4294967278,158
4294967279,46
4294967279,339
4294967278,157
4294967279,155
4294967278,155
4294967279,154
4294967278,153
4294967294,107
4294967278,151
4294967279,150
4294967278,150
4294967279,149
4294967294,472
4294967279,148
4294967294,76
4294967294,389
4294967294,115
4294967294,120
4294967294,40
4294967278,146
4294967278,145
4294967294,42
4294967294,36
4294967294,39
4294967294,45
4294967294,44
4294967294,43
4294967294,52
4294967294,92
4294967294,91
4294967294,88
4294967294,86
4294967294,85
4294967294,972
4294967294,966
4294967294,51
4294967278,401
4294967278,143
4294967278,141
619,6
4294967278,140
619,5
619,4
4294967278,139
619,3
619,2
619,1
4294967294,99
4294967294,5
4294967294,82
4294967294,81
4294967294,50
4294967294,1414
4294967294,83
4294967294,902
4294967294,385
4294967294,420
4294967294,948
